\scriptsize
\begin{tabular}{lrrrrrrrrrrrrrrr}
\toprule
Factor & turnover\_mean\_5d & wq\_alpha\_007 & wq\_alpha\_002 & gap\_drift\_5d & volatility\_60d & range\_vol\_5d & wq\_alpha\_006 & wq\_alpha\_008 & return\_240d & peTTM\_level & psTTM\_zscore & wq\_alpha\_005 & pcfNcfTTM\_zscore & volatility\_20d & pbMRQ\_level \\
\midrule
turnover\_mean\_5d & 1.000 & 0.024 & 0.030 & 0.337 & 0.165 & 0.416 & -0.026 & 0.350 & -0.204 & -0.000 & 0.086 & 0.125 & -0.027 & 0.017 & 0.010 \\
wq\_alpha\_007 & 0.024 & 1.000 & -0.475 & -0.294 & 0.055 & 0.078 & -0.312 & -0.033 & 0.012 & 0.100 & 0.003 & -0.008 & 0.108 & -0.049 & -0.047 \\
wq\_alpha\_002 & 0.030 & -0.475 & 1.000 & 0.447 & -0.096 & -0.030 & 0.375 & -0.000 & -0.015 & -0.052 & 0.025 & 0.023 & -0.066 & 0.038 & 0.047 \\
gap\_drift\_5d & 0.337 & -0.294 & 0.447 & 1.000 & -0.190 & 0.346 & 0.221 & 0.477 & -0.143 & -0.051 & 0.014 & 0.280 & -0.029 & 0.037 & 0.078 \\
volatility\_60d & 0.165 & 0.055 & -0.096 & -0.190 & 1.000 & 0.047 & -0.083 & -0.156 & -0.445 & 0.196 & 0.196 & -0.086 & -0.080 & -0.053 & -0.489 \\
range\_vol\_5d & 0.416 & 0.078 & -0.030 & 0.346 & 0.047 & 1.000 & -0.003 & 0.400 & -0.264 & 0.093 & -0.041 & 0.118 & 0.082 & -0.008 & -0.107 \\
wq\_alpha\_006 & -0.026 & -0.312 & 0.375 & 0.221 & -0.083 & -0.003 & 1.000 & -0.019 & 0.068 & -0.068 & 0.008 & 0.023 & -0.103 & 0.011 & 0.073 \\
wq\_alpha\_008 & 0.350 & -0.033 & -0.000 & 0.477 & -0.156 & 0.400 & -0.019 & 1.000 & -0.277 & 0.045 & -0.023 & 0.249 & 0.056 & 0.005 & 0.039 \\
return\_240d & -0.204 & 0.012 & -0.015 & -0.143 & -0.445 & -0.264 & 0.068 & -0.277 & 1.000 & -0.194 & -0.121 & -0.062 & 0.038 & 0.020 & 0.363 \\
peTTM\_level & -0.000 & 0.100 & -0.052 & -0.051 & 0.196 & 0.093 & -0.068 & 0.045 & -0.194 & 1.000 & 0.133 & 0.002 & 0.181 & -0.017 & -0.391 \\
psTTM\_zscore & 0.086 & 0.003 & 0.025 & 0.014 & 0.196 & -0.041 & 0.008 & -0.023 & -0.121 & 0.133 & 1.000 & -0.022 & -0.147 & -0.050 & -0.472 \\
wq\_alpha\_005 & 0.125 & -0.008 & 0.023 & 0.280 & -0.086 & 0.118 & 0.023 & 0.249 & -0.062 & 0.002 & -0.022 & 1.000 & -0.036 & 0.017 & -0.007 \\
pcfNcfTTM\_zscore & -0.027 & 0.108 & -0.066 & -0.029 & -0.080 & 0.082 & -0.103 & 0.056 & 0.038 & 0.181 & -0.147 & -0.036 & 1.000 & 0.005 & 0.056 \\
volatility\_20d & 0.017 & -0.049 & 0.038 & 0.037 & -0.053 & -0.008 & 0.011 & 0.005 & 0.020 & -0.017 & -0.050 & 0.017 & 0.005 & 1.000 & 0.030 \\
pbMRQ\_level & 0.010 & -0.047 & 0.047 & 0.078 & -0.489 & -0.107 & 0.073 & 0.039 & 0.363 & -0.391 & -0.472 & -0.007 & 0.056 & 0.030 & 1.000 \\
\bottomrule
\end{tabular}
\normalsize
